4294967278,374
4294967279,440
4294967279,439
4294967278,373
4294967279,438
45,5
45,4
45,3
45,2
45,1
44,10
44,9
44,8
44,7
44,6
4294967279,437
4294967278,372
44,5
44,4
44,3
44,2
44,1
4294967278,371
4294967279,436
43,7
43,6
4294967278,370
4294967279,435
4294967278,369
4294967278,368
4294967279,434
4294967278,367
4294967279,433
4294967279,432
4294967278,366
4294967279,431
4294967279,430
43,5
43,4
43,3
43,2
43,1
42,9
42,8
4294967279,429
42,7
42,6
4294967278,365
42,5
42,4
42,3
42,2
42,1
41,5
41,4
41,3
41,2
41,1
4294967294,926
40,8
40,7
40,6
40,5
40,4
40,3
40,2
40,1
4294967278,364
4294967278,363
4294967279,428
4294967278,362
4294967278,361
39,8
4294967279,427
4294967278,360
39,7
39,6
4294967278,359
4294967278,358
39,5
39,4
39,3
39,2
39,1
4294967279,426
4294967278,357
38,5
38,4
38,3
38,2
38,1
37,5
37,4
37,3
37,2
37,1
4294967278,356
4294967279,425
4294967278,355
4294967278,354
4294967279,424
4294967278,353
36,5
36,4
36,3
36,2
36,1
4294967279,423
35,5
35,4
35,3
35,2
35,1
34,5
34,4
34,3
34,2
34,1
4294967278,352
4294967294,473
4294967279,422
4294967278,351
4294967278,350
4294967279,421
4294967279,420
4294967278,349
33,5
33,4
33,3
33,2
33,1
4294967279,419
4294967294,927
4294967278,348
4294967279,418
4294967279,417
4294967278,347
4294967278,346
32,5
32,4
32,3
32,2
32,1
31,8
31,7
31,6
31,5
31,4
31,3
31,2
31,1
4294967279,416
4294967278,345
4294967279,415
4294967278,344
4294967278,343
4294967279,414
4294967278,342
4294967278,341
4294967279,413
30,5
30,4
30,3
30,2
30,1
4294967278,340
29,8
29,7
29,6
29,5
29,4
29,3
29,2
29,1
4294967278,339
4294967278,338
4294967279,412
28,5
28,4
28,3
28,2
28,1
4294967279,411
4294967279,410
27,8
27,7
27,6
27,5
27,4
27,3
27,2
27,1
4294967278,337
4294967278,336
26,5
26,4
26,3
26,2
26,1
4294967278,335
25,8
4294967278,334
25,7
25,6
4294967278,333
25,5
4294967279,409
25,4
4294967278,332
25,3
25,2
25,1
4294967278,331
4294967279,408
4294967278,330
4294967279,407
4294967278,329
4294967279,406
24,5
4294967278,328
24,4
4294967279,405
24,3
24,2
24,1
4294967279,404
4294967278,327
4294967279,403
4294967279,402
4294967279,401
4294967279,400
4294967278,326
4294967279,399
4294967278,325
4294967278,324
4294967279,398
4294967279,397
4294967278,323
4294967279,396
23,5
23,4
23,3
23,2
23,1
22,8
22,7
22,6
22,5
22,4
22,3
22,2
22,1
4294967279,395
21,5
21,4
21,3
21,2
21,1
4294967278,322
4294967279,394
4294967278,321
4294967278,320
4294967279,393
4294967278,147
4294967279,392
4294967279,391
4294967278,319
4294967279,390
4294967278,318
4294967278,317
4294967279,389
4294967278,316
4294967279,388
4294967279,387
4294967278,315
4294967278,314
4294967279,386
4294967279,385
4294967278,313
4294967278,312
4294967279,384
4294967279,319
4294967278,311
4294967278,310
4294967279,318
4294967279,317
4294967278,309
4294967278,308
4294967279,316
4294967279,315
4294967278,307
20,5
20,4
20,3
20,2
20,1
4294967278,306
19,5
19,4
19,3
19,2
19,1
4294967279,314
18,5
18,4
18,3
18,2
18,1
4294967278,305
17,5
17,4
17,3
17,2
17,1
4294967279,313
16,5
16,4
16,3
16,2
16,1
4294967278,304
15,5
15,4
15,3
15,2
15,1
4294967279,312
14,8
14,7
14,6
14,5
14,4
14,3
14,2
14,1
4294967279,311
13,5
13,4
13,3
13,2
13,1
4294967278,303
4294967279,310
4294967278,302
4294967278,301
4294967279,309
4294967278,300
4294967279,308
4294967279,307
4294967278,299
4294967279,306
4294967278,298
4294967279,305
12,5
12,4
12,3
12,2
12,1
4294967294,973
11,8
11,7
11,6
11,5
11,4
11,3
11,2
11,1
4294967294,1359
10,5
10,4
10,3
10,2
10,1
4294967279,304
4294967294,187
9,6
